990316,0.007916846198,4140908.977,0.0005070115744,0.02622451026,0.9996559503,17.99414928
1559193318079291810,-0.3202363121,-0.9470100482,0.024913335,332410.6028,0.9473376515,-0.3201333592,0.008124488476,4140909.048,0.0002816173983,0.02620309649,0.9996566008,17.99423258
1559193318089495890,-0.3202437231,-0.9470083067,0.02488425436,332410.5793,0.9473351827,-0.3201360305,0.008305087801,4140909.118,0.0001013592784,0.02623338188,0.999655841,17.99429749
1559193318099695500,-0.3202170425,-0.9470150257,0.02497174494,332410.5557,0.9473442035,-0.3201080434,0.008354733598,4140909.189,8.159816064e-05,0.0263321659,0.9996532456,17.99434594
1559193318109892047,-0.3202217743,-0.9470089018,0.02514272158,332410.5321,0.9473425755,-0.3201158762,0.008238410374,4140909.26,0.0002467363889,0.02645688899,0.9996499253,17.99439327
1559193318120091243,-0.3202548693,-0.9469936201,0.02529628659,332410.5082,0.9473313338,-0.3201520106,0.008126130972,4140909.33,0.0004032628276,0.02656639793,0.9996469696,17.99451551
1559193318130337702,-0.3202494857,-0.9469921415,0.02541949749,332410.4841,0.9473331606,-0.3201451145,0.008184657509,4140909.401,0.0003871215935,0.02670186526,0.9996433667,17.99470452
1559193318140530185,-0.3201836711,-0.9470127935,0.02547912442,332410.4599,0.947355473,-0.3200722881,0.008446191185,4140909.472,0.0001565105426,0.02684212047,0.9996396731,17.99489131
1559193318150721793,-0.3201055791,-0.9470369223,0.02556337612,332410.4357,0.947381834,-0.319981008,0.00893393648,4140909.543,-0.00028097285,0.02707808106,0.9996332821,17.9950601
1559193318160913673,-0.3200706386,-0.947045916,0.02566747538,332410.4115,0.9473934454,-0.3199339701,0.009376275125,4140909.614,-0.0006678657632,0.0273182683,0.9996265634,17.99519192
1559193318171150683,-0.320054107,-0.947046322,0.02585793221,332410.3873,0.9473988176,-0.3199081775,0.009707647392,4140909.685,-0.0009214277913,0.02760474682,0.9996184917,17.99529539
1559193318181383442,-0.3200070595,-0.9470554488,0.02610476894,332410.3631,0.9474146493,-0.3198568304,0.009853447287,4140909.756,-0.0009819722907,0.0278852132,0.9996106496,17.99537786
1559193318191597828,-0.319956629,-0.9470626604,0.02645889136,332410.3388,0.9474315769,-0.3197998438,0.01007308496,4140909.827,-0.001078293316,0.02829093947,0.9995991497,17.99545884
1559193318201794125,-0.3199413382,-0.9470597521,0.02674633165,332410.3145,0.9474364789,-0.319775155,0.01039080435,4140909.898,-0.00128790024,0.02866489812,0.9995882478,17.99553041
1559193318211990325,-0.3199092567,-0.9470630472,0.02701207613,332410.2901,0.9474468388,-0.3197306559,0.01080719129,4140909.97,-0.001598502696,0.02904982667,0.9995766867,17.99558555
1559193318222185927,-0.3198543622,-0.9470757645,0.02721549943,332410.2658,0.9474643528,-0.3196573588,0.01142249014,4140910.041,-0.002118328918,0.02943924885,0.9995643268,17.99561799
1559193318232394753,-0.3198039255,-0.9470829985,0.02755436976,332410.2413,0.9474798609,-0.3195840658,0.01216299072,4140910.113,-0.002713424204,0.0299969826,0.9995463063,17.99560726
1559193318242518349,-0.3197675018,-0.9470865469,0.02785350255,332410.2169,0.9474904015,-0.3195259883,0.01284842725,4140910.185,-0.003268654665,0.0304994358,0.9995294395,17.99555164
1559193318252686923,-0.3197349603,-0.947088345,0.02816419834,332410.1926,0.9475000548,-0.319477345,0.01333687936,4140910.256,-0.003633379693,0.03094984606,0.999514335,17.9954533
1559193318262976785,-0.319720944,-0.9470808228,0.02857329608,332410.1682,0.9475036732,-0.3194482897,0.01376879267,4140910.328,-0.003912468929,0.03147547438,0.9994968671,17.9953274
1559193318273114925,-0.3196952616,-0.9470773238,0.02897382613,332410.1437,0.9475108065,-0.3194047985,0.01427748555,4140910.4,-0.004267503708,0.03201745784,0.9994781994,17.99517883
1559193318283292475,-0.3196852632,-0.9470702378,0.02931377514,332410.1194,0.9475118583,-0.3193729579,0.01490611926,4140910.471,-0.004755114838,0.03254041621,0.9994591089,17.99500499
1559193318293575531,-0.3196984011,-0.9470551714,0.02965526934,332410.0949,0.9475037955,-0.3193571579,0.01573415076,4140910.543,-0.005430486309,0.03312866309,0.999436342,17.99479135
1559193318303797646,-0.3196416982,-0.9470613225,0.03006720116,332410.0703,0.9475181713,-0.3192660892,0.01668770873,4140910.615,-0.006204845771,0.03382330701,0.9994085671,17.99452474
1559193318313950732,-0.3195803889,-0.9470677868,0.03051200616,332410.0458,0.9475340776,-0.3191718792,0.01756370343,4140910.688,-0.006895443394,0.03452418078,0.9993800749,17.99419814
1559193318324182215,-0.3195733638,-0.9470490573