7289
1544591338480839194,-0.9997642027,-0.02061057704,0.006836890229,332664.8208,0.02076832519,-0.9994994236,0.02386585201,4140910.767,0.006341578862,0.02400221527,0.9996917915,18.44195973
1544591338491034737,-0.9997630477,-0.02060369865,0.007023956625,332664.7128,0.02076633641,-0.9994980106,0.0239266806,4140910.769,0.006527452557,0.02406687297,0.9996890406,18.44251892
1544591338501225244,-0.9997615629,-0.02068784809,0.006987870459,332664.6057,0.02085007392,-0.9994944983,0.02400046481,4140910.771,0.006487820108,0.02414043983,0.9996875249,18.4430929
1544591338511449107,-0.9997598279,-0.02081450058,0.00685879769,332664.4986,0.020976651,-0.9994801117,0.02448441159,4140910.774,0.006345601082,0.02462240572,0.999676683,18.44366663
1544591338521632939,-0.9997620121,-0.02086923252,0.006355651875,332664.3914,0.0210211164,-0.999470152,0.02485010771,4140910.776,0.00583368167,0.02497779658,0.9996709848,18.44422397
1544591338531840138,-0.9997655885,-0.02084769313,0.005843095312,332664.2835,0.02098619604,-0.9994736212,0.02473984852,4140910.778,0.00532425086,0.02485667355,0.9996768469,18.44473411
1544591338542048442,-0.9997719444,-0.02072169089,0.005164378878,332664.1751,0.02084187227,-0.999484528,0.02441914687,4140910.78,0.004655710772,0.02452121327,0.9996884687,18.44519148
1544591338552245603,-0.9997747502,-0.02076863356,0.004371813416,332664.0663,0.0208688902,-0.9994870069,0.02429428877,4140910.782,0.003865011525,0.02438005138,0.999695291,18.44558669
1544591338562455313,-0.9997727995,-0.02107885447,0.003167214413,332663.9572,0.0211507723,-0.9994708576,0.02471132834,4140910.785,0.002644652011,0.02477270295,0.9996896113,18.4458858
1544591338572679615,-0.9997719352,-0.02121842857,0.00241989339,332663.8477,0.02127152954,-0.9994717671,0.02457048623,4140910.787,0.001897268016,0.0246163574,0.9996951712,18.44605921
1544591338582841716,-0.9997747072,-0.02112808503,0.002034417674,332663.7389,0.02117172287,-0.9994739326,0.02456860108,4140910.789,0.001514259941,0.02460613808,0.9996960763,18.44614424
1544591338593074073,-0.999776494,-0.02104117176,0.002056982853,332663.6304,0.02108437326,-0.9994917407,0.02391044878,4140910.791,0.001552833513,0.02394847485,0.9997119882,18.44620511
1544591338603318560,-0.999775829,-0.02109989631,0.001756775588,332663.522,0.02113595387,-0.9994894763,0.02395951342,4140910.794,0.001250335464,0.02399127352,0.9997113861,18.44626114
1544591338613448757,-0.9997730269,-0.02125788538,0.00141315338,332663.4135,0.02128579026,-0.9994826877,0.02410958688,4140910.796,0.000899903504,0.02413419474,0.9997083229,18.44629823
1544591338623641259,-0.9997713062,-0.02137396344,0.0006993853567,332663.3048,0.02138460646,-0.9994815341,0.02406992994,4140910.798,0.0001845529463,0.02407938138,0.9997100326,18.4462857
1544591338633847924,-0.9997704047,-0.02142735977,-7.951451782e-05,332663.1961,0.02141934355,-0.9994850422,0.02389272083,4140910.8,-0.0005914314965,0.02388553202,0.999714525,18.44621073
1544591338644068640,-0.9997675267,-0.02153531304,-0.001059689689,332663.0874,0.02150407433,-0.9994864051,0.02375922769,4140910.803,-0.001570807844,0.02373091666,0.9997171481,18.44603471
1544591338654277981,-0.9997637765,-0.02167456897,-0.001613814963,332662.9784,0.02163096107,-0.9994927291,0.02337490229,4140910.805,-0.002119637254,0.02333447222,0.9997254671,18.44576191
1544591338664493774,-0.9997621212,-0.02174673721,-0.001667515608,332662.8689,0.02170179762,-0.9994905582,0.02340205126,4140910.807,-0.002175584365,0.02336029632,0.9997247438,18.44541676
1544591338674707056,-0.9997616004,-0.02178376054,-0.001486667087,332662.7595,0.02174308138,-0.9994901939,0.02337928144,4140910.81,-0.001995197843,0.0233413831,0.9997255619,18.44509301
1544591338684889486,-0.9997596223,-0.02186688795,-0.001592757831,332662.6507,0.02182423283,-0.9994942144,0.02313046339,4140910.812,-0.002097743488,0.02309014263,0.9997311863,18.4447756
1544591338695142223,-0.9997577785,-0.02194613849,-0.001658765853,332662.5417,0.02190285543,-0.9995022244,0.0227061306,4140910.814,-0.002156252047,0.02266429898,0.9997408065,18.44445751
1544591338705294099,-0.9997569559,-0.02197620682,-0.001753749313,332662.4327,0.0219308313,-0.9995022951,0.02267599387,4140910.817,-0.002251208795,0.02263202142,0.9997413284,18.44412715
1544591338715439121,-0.9997556712,-0.02202741813,-0.001841426695,332662.3243,0.02197998927,-0.9995006715,0.02269995038,4140910.819,-0.002340528517,0.02265392959,0.9997406271,18.4437953
1544591338725639323,-0.999754758,-0.02204473057,-0.002110417018,332662.2158,0.02199191007,-0.9995065192,0.0224293106,4140910.821,-0.002603823677,0.02237739789,0.9997462039,18.44345428
1544591338735845470,-0.9997571227,-0.02194546073,-0.002022998115,332662.1069,0.02189575593,-0.9995186734,0.02197720454,4140910.824,-0.002504324271,0.0219275717,0.9997564253,18.44307355
1544591338746053896,-0.9997594667,-0.02185899518,-0.00178693356,332661.9977,0.0218150504,-0.9995258683,0.02172883399,4140910.826,-0.002261056796,0.02168462543,0.9997623041,18.44271895
1544591338756333558,-0.9997597916,-0.02186761621,-0.001471955933,332661.8884,0.02183101233,-0.9995312066,0.02146564567,4140910.828,-0.001940668391,0.02142835515,0.9997685029,18.44238394
1544591338766586683,-0.9997611039,-0.02181211123,-0.001402523589,332661.7781,0.02177715407,-0.9995340571,0.02138747887,4140910.831,-0.001868376161,0.02135182651,0.999770278,18.44209578
1544591338776778489,-0.9997631959,-0.02173647973,-0.001038111493,332661.6677,0.02170976516,-0.9995418009,0.0210920462,4140910.833,-0.001496102666,0.02106451436,0.9997769991,18.44179903
1544591338786959178,-0.9997631527,-0.0217483402,-0.0008051604711,332661.5574,0.02172667032,-0.9995437627,0.02098137895,4140910.835,-0.001261103295,0.02095891612,0.9997795424,18.4415631
1544591338797082009,-0.9997624897,-0.02178201609,-0.0007127902867,332661.4478,0.02176204217,-0.9995388049,0.02117996738,4140910.838,-0.001173803942,0.02115942514,0.9997754252,18.4413465
1544591338807249678,-0.9997600372,-0.02190001881,-0.000507355669,332661.3389,0.02188371135,-0.9995217524,0.02184879368,4140910.84,-0.0009856020202,0.02183244796,0.9997611579,18.44114192
1544591338817437060,-0.999758127,-0.0219921904,0.000176946011,332661.2304,0.02199073631,-0.9995143999,0.02207650087,4140910.842,-0.000308650525,0.02207505233,0.9997562687,18.44095478
1544591338827639240,-0.999760492,-0.02186755544,0.0008768166073,332661.1221,0.02188163419,-0.9995141201,0.02219725061,4140910.845,0.0003909909709,0.02221112037,0.9997532262,18.44085158
1544591338837888367,-0.9997608067,-0.02179955954,0.00176318501,332661.0138,0.02183366711,-0.9995096339,0.02244510457,4140910.847,0.00127302701,0.02247823265,0.9997465221,18.44082086
1544591338848062895,-0.9997554378,-0.02199292753,0.002318621739,332660.9049,0.02204071406,-0.999489546,0.02312691916,4140910.849,0.001808809531,0.02317236726,0.9997298483,18.44089554
1544591338858255289,-0.999751037,-0.02215069562,0.002685293948,332660.7958,0.0222082172,-0.9994720015,0.02371736248,4140910.852,0.002158520039,0.02377109333,0.9997150974,18.44102602
1544591338868450637,-0.9997504013,-0.02217123488,0.00275166184,332660.6866,0.02223128843,-0.9994611344,0.02414975564,4140910.854,0.002214749159,0.02420490088,0.9997045652,18.44119827
1544591338878673091,-0.9997471252,-0.0223007229,0.002892004884,332660.5781,0.02236422128,-0.9994572946,0.02418590213,4140910.857,0.002351072275,0.02424446356,0.9997032952,18.44137279
1544591338888848727,-0.9997429139,-0.0224504225,0.003175674195,332660.469,0.02252173526,-0.9994446688,0.02455861374,4140910.859,0.002622559388,0.02462382176,0.9996933478,18.44156586
1544591338899048200,-0.9997421189,-0.02241165961,0.00366244322,332660.3597,0.02249615854,-0.9994357932,0.02494029231,4140910.861,0.003101423502,0.02501625158,0.9996822337,18.44179033
1544591338909238469,-0.9997380309,-0.02245626677,0.004425596257,332660.251,0.02256047379,-0.9994303016,0.02510173935,4140910.864,0.003859383646,0.02519500701,0.9996751056,18.44206683
1544591338919444122,-0.9997334657,-0.0225462678,0.004966235525,332660.142,0.02266492701,-0.9994230368,0.02529614092,4140910.866,0.00439303662,0.025401958,0.9996676657,18.4424309
1544591338929745010,-0.9997311171,-0.02256051763,0.005358794981,332660.0332,0.02269019617,-0.9994168844,0.02551560911,4140910.869,0.004780024833,0.02563034051,0.9996600607,18.44285304
1544591338939852306,-0.9997287593,-0.02266107506,0.005374350765,332659.9239,0.02279110277,-0.9994146838,0.02551186939,4140910.871,0.004793078682,0.02562743691,0.9996600727,18.44332105
1544591338950043938,-0.9997249511,-0.02286068096,0.005235613581,332659.8151,0.0229880848,-0.9994046892,0.02572577138,4140910.874,0.00464438811,0.02583905227,0.9996553271,18.44378912
1544591338960246949,-0.9997221435,-0.02299772338,0.005171136678,332659.7058,0.02312479255,-0.9993937512,0.02602641233,4140910.876,0.00456945345,0.02613876219,0.9996478806,18.44424459
1544591338970444007,-0.9997201617,-0.02306267818,0.005264155192,332659.597,0.02319306612,-0.9993870728,0.02622137303,4140910.879,0.00465619356,0.02633612719,0.9996423002,18.44469125
1544591338980658896,-0.9997176195,-0.02310753861,0.005542853005,332659.4882,0.02324517472,-0.999386276,0.02620559558,4140910.881,0.00493390441,0.02632704022,0.9996412074,18.44514959
1544591338990949568,-0.9997150763,-0.02315611557,0.005793173205,332659.3794,0.02330078367,-0.9993826657,0.02629374421,4140910.884,0.0051807359,0.02642123797,0.9996374734,18.44564143
1544591339001057155,-0.9997137089,-0.02323730682,0.005703335638,332659.2699,0.02338074651,-0.9993747101,0.02652413372,4140910.886,0.005083419965,0.02664988834,0.9996319034,18.44616378
1544591339011346485,-0.999711161,-0.02339433323,0.005504544833,332659.1606,0.02353349695,-0.9993652542,0.0267444063,4140910.889,0.004875383292,0.02686622266,0.9996271489,18.44667677
1544591339021548540,-0.9997090108,-0.02357353008,0.005116903021,332659.051,0.02370356017,-0.9993531779,0.02704379821,4140910.891,0.004476075504,0.02715721757,0.9996211534,18.44716869
1544591339031651292,-0.9997080904,-0.02369790406,0.004705700681,332658.9412,0.02381718572,-0.9993473961,0.02715738652,4140910.894,0.00405905658,0.02726153556,0.9996200942,18.44761892
1544591339041857068,-0.9997069781,-0.02381073571,0.004359706949,332658.8311,0.02392135643,-0.9993389421,0.0273760406,4140910.896,0.003704981261,0.02747230892,0.9996156988,18.44802639
1544591339052078352,-0.9997045796,-0.02395186354,0.00413061049,332658.721,0.02405709667,-0.9993280848,0.02765203601,4140910.899,0.003465517275,0.02774323753,0.9996090751,18.44839311
1544591339062245629,-0.9997020638,-0.02403919866,0.004230936962,332658.6116,0.02414800797,-0.9993194525,0.02788378804,4140910.902,0.003557753686,0.02797764915,0.9996022177,18.44873886
1544591339072451448,-0.9997015959,-0.02406351455,0.004203174648,332658.5027,0.02417205948,-0.9993147354,0.02803161081,4140910.904,0.003525755285,0.02812484545,0.9995982003,18.44909087
1544591339082647404,-0.9996994882,-0.02415576434,0.004175243487,332658.3936,0.02426461052,-0.9993034256,0.0283529943,4140910.907,0.003487446869,0.02844578454,0.9995892532,18.44944919
1544591339092850161,-0.9996977054,-0.02429108413,0.003800160607,332658.2849,0.02439076947,-0.9992859596,0.02885587232,4140910.909,0.003096506715,0.02893983818,0.999576359,18.44979483
1544591339103057969,-0.9996980756,-0.0243304176,0.003433457768,332658.1758,0.02442036698,-0.9992757443,0.02918274324,4140910.912,0.002720942736,0.02925777856,0.9995681962,18.45010951
1544591339113263918,-0.9997011388,-0.02429399726,0.002726744414,332658.0664,0.0243632736,-0.9992773925,0.02917402686,4140910.915,0.002016020318,0.02923174029,0.9995706283,18.45037782
1544591339123467393,-0.9997013607,-0.02435192059,0.002042928076,332657.9564,0.02440100838,-0.9992804129,0.02903872009,4140910.917,0.001334309405,0.02907989749,0.9995761998,18.45057585
1544591339133709255,-0.9997005137,-0.02443002072,0.001434323439,332657.8463,0.02446147697,-0.9992751026,0.0291702837,4140910.92,0.0007206530655,0.02919663327,0.9995734277,18.45069114
1544591339143907962,-0.9997005508,-0.02444057924,0.001211202421,332657.7366,0.02446567405,-0.9992656761,0.02948795483,4140910.923,0.0004896103082,0.02950875757,0.9995644019,18.45074788
1544591339154051433,-0.9997017468,-0.02439719298,0.001093050546,332657.6268,0.02441891126,-0.9992595361,0.02973375836,4140910.925,0.0003668209394,0.02975158127,0.9995572564,18.45077784
1544591339164250723,-0.9997022935,-0.02438028301,0.0009625504355,332657.5172,0.02439811664,-0.9992612659,0.02969266692,4140910.928,0.0002379237428,0.02970731164,0.9995586121,18.45080445
1544591339174452771,-0.9997029134,-0.02436696751,0.000579802509,332657.4077,0.02437341158,-0.9992564132,0.02987570163,4140910.931,-0.0001486088763,0.02988095772,0.9995534534,18.45081388
1544591339184660013,-0.9997023849,-0.02439444882,0.0002298574139,332657.2978,0.02439020867,-0.9992430679,0.03030526251,4140910.933,-0.0005095967487,0.03030184947,0.9995406636,18.45078003
1544591339194855003,-0.9997001048,-0.02448693912,-0.0003007633258,332657.1879,0.02446639236,-0.9992357116,0.03048587134,4140910.936,-0.001047039132,0.03046937018,0.9995351525,18.45071706
1544591339205052945,-0.9997000661,-0.02446757731,-0.001056332964,332657.078,0.02442442444,-0.9992434896,0.03026377262,4140910.939,-0.001796015034,0.03022889516,0.9995413889,18.45058728
1544591339215252573,-0.9997025031,-0.02432878174,-0.001736648279,332656.9681,0.024265221,-0.9992484523,0.0302279611,4140910.941,-0.002470752573,0.03017682822,0.9995415221,18.45037891
1544591339225451519,-0.9997020187,-0.02432643964,-0.002024440771,332656.8586,0.02425354479,-0.9992415737,0.03046379772,4140910.944,-0.002763981119,0.03040562022,0.9995338207,18.45008978
1544591339235679372,-0.9996994579,-0.02443048907,-0.002035995479,332656.7489,0.02435635219,-0.9992297971,0.03076655333,4140910.947,-0.002786069295,0.03070771726,0.9995245239,18.44978135
1544591339245871522,-0.999700016,-0.02440771627,-0.002035098425,332656.6392,0.02433326647,-0.9992264724,0.03089253892,4140910.949,-0.002787540546,0.03083375106,0.9995206398,18.44946863
1544591339256048331,-0.999702221,-0.02429987846,-0.002232816527,332656.5295,0.0242192585,-0.9992279438,0.03093450875,4140910.952,-0.002982797471,0.03087121994,0.9995189196,18.44916478
1544591339266251460,-0.9997009269,-0.02432125313,-0.002556089162,332656.4199,0.02423001513,-0.9992217799,0.03112460427,4140910.955,-0.003311089341,0.03105336166,0.9995122437,18.44883463
1544591339276479296,-0.9996971196,-0.02441006819,-0.003133365141,332656.31,0.02430016543,-0.999214463,0.03130429688,4140910.957,-0.003895043788,0.03121867413,0.999504989,18.44847586
1544591339286667341,-0.999695925,-0.02439906591,-0.003569789725,332656.2,0.02427566127,-0.9992158919,0.03127768701,4140910.96,-0.004330136971,0.03118151723,0.9995043586,18.44804218
1544591339296967439,-0.999696043,-0.02433420757,-0.003958308162,332656.0902,0.02419761382,-0.9992104173,0.03151217998,4140910.963,-0.004722006679,0.03140682001,0.9994955299,18.4475716
1544591339307107262,-0.999696431,-0.02431805175,-0.003959597022,332655.9799,0.02418083278,-0.9992068618,0.03163755064,4140910.965,-0.004725820108,0.03153220011,0.9994915642,18.44704782
1544591339317348352,-0.9996978737,-0.0242815635,-0.003816698474,332655.8697,0.02414811891,-0.9992024634,0.03180103153,4140910.968,-0.004585833284,0.03169925751,0.999486932,18.44653487
1544591339327490308,-0.9997012268,-0.0241894091,-0.003511388803,332655.7599,0.02406553321,-0.9992032918,0.03183758409,4140910.971,-0.004278723598,0.03174356842,0.9994868875,18.44603669
1544591339337656913,-0.9997026693,-0.02412996096,-0.003509721988,332655.6499,0.02400586155,-0.9992024454,0.03190911645,4140910.973,-0.004276888528,0.03181537499,0.9994846122,18.44558127
1544591339347853342,-0.9997021632,-0.02413776447,-0.003599090558,332655.5401,0.02401110188,-0.9992043934,0.03184410735,4140910.976,-0.004364872661,0.03174820487,0.9994863678,18.44512232
1544591339358053634,-0.9997014793,-0.02412041726,-0.003893323968,332655.4301,0.02398431732,-0.9992043153,0.03186673424,4140910.979,-0.004658865037,0.03176384264,0.9994845438,18.44465764
1544591339368254758,-0.9997036762,-0.02401922994,-0.003954331844,332655.3201,0.02388163464,-0.9992094224,0.03178360819,4140910.981,-0.004714623431,0.03167975404,0.9994869511,18.44415653
1544591339378460269,-0.999706289,-0.02391355248,-0.003934216906,332655.2099,0.02377750742,-0.9992177247,0.03160013802,4140910.984,-0.004686810825,0.03149731083,0.999492848,18.44365319
1544591339388660494,-0.9997081211,-0.0238870049,-0.003617160097,332655.1,0.02376066485,-0.9992159834,0.03166779619,4140910.986,-0.004370772986,0.0315726069,0.9994919043,18.44315423
1544591339398972524,-0.9997103395,-0.02385574961,-0.003184414395,332654.9899,0.02374217228,-0.9992090152,0.03190067726,4140910.989,-0.003942910141,0.03181583198,0.999485971,18.44269227
1544591339409152718,-0.9997135758,-0.02376912295,-0.002792018041,332654.88,0.02366811595,-0.9992111353,0.0318892994,4140910.992,-0.003547796195,0.03181408372,0.9994875073,18.44228115
1544591339419271880,-0.9997147915,-0.02373992989,-0.002598407175,332654.77,0.02364516219,-0.9992122925,0.03187006141,4140910.994,-0.003352953415,0.03179953203,0.999488643,18.44191504
1544591339429541664,-0.99971327,-0.0237770837,-0.002833430582,332654.6596,0.02367368267,-0.9992014369,0.0321876586,4140910.997,-0.003596496562,0.0321113517,0.9994778268,18.4415707
1544591339439664503,-0.9997159887,-0.02371779765,-0.002325579881,332654.5495,0.02363001064,-0.9991948636,0.03242294063,4140910.999,-0.003092708218,0.03235877867,0.9994715326,18.4411991
1544591339449857906,-0.9997196433,-0.02355012499,-0.002454916353,332654.4388,0.02345949878,-0.9992115119,0.03203133626,4140911.002,-0.003207322654,0.03196476495,0.9994838502,18.44088579
1544591339460052792,-0.9997205189,-0.02356589745,-0.001879599486,332654.329,0.02349512801,-0.9992284625,0.03147155329,4140911.005,-0.002619804703,0.03141859616,0.9995028806,18.44056294
1544591339470346197,-0.9997140063,-0.02384522535,-0.001819670258,332654.219,0.02377305776,-0.9991828386,0.03268786777,4140911.007,-0.002597632867,0.03263526012,0.9994639523,18.44030501
1544591339480452319,-0.9997157353,-0.02381712231,-0.00109235833,332654.1085,0.02376795537,-0.9991696812,0.03309127379,4140911.01,-0.001879590239,0.03305590398,0.9994517369,18.44004909
1544591339490693464,-0.999721501,-0.02359642293,-0.0003594335263,332653.9987,0.02357176991,-0.9991789489,0.03295147627,4140911.012,-0.001136675383,0.03293382683,0.999456888,18.43981947
1544591339500950490,-0.9997233836,-0.02351920389,5.780821365e-05,332653.8891,0.02350869058,-0.9991967297,0.03245361037,4140911.015,-0.0007055213012,0.03244599217,0.9994732412,18.43967122
1544591339511060122,-0.9997211915,-0.02360941553,0.0003671899749,332653.7788,0.02360887229,-0.9991926036,0.03250787892,4140911.017,-0.0004005985142,0.03250748439,0.9994714118,18.43957135
1544591339521254681,-0.9997206159,-0.02363281242,0.0004246311656,332653.6683,0.02363392371,-0.999173267,0.0330789996,4140911.02,-0.0003574696837,0.03307979356,0.99945265,18.43950206
1544591339531463169,-0.9997196018,-0.02366877959,0.0007118097007,332653.5581,0.02367935517,-0.9991646952,0.03330465546,4140911.023,-7.706542693e-05,0.03331217209,0.9994449926,18.43944109
1544591339541661896,-0.9997177519,-0.02373807481,0.0009593529754,332653.4484,0.02375685871,-0.999162886,0.03330373976,4140911.025,0.0001679832216,0.03331713105,0.9994448162,18.43940647
1544591339551883358,-0.9997173754,-0.02371605888,0.001648656823,332653.3386,0.02375780058,-0.9991638609,0.03327380522,4140911.028,0.0008581547924,0.03330356968,0.9994449139,18.43940591
1544591339562056030,-0.9997183613,-0.02363005581,0.002195135673,332653.228,0.02369021517,-0.9991615088,0.03339241058,4140911.03,0.001404230545,0.03343500922,0.9994399074,18.4394782
1544591339572258773,-0.9997174857,-0.02359888948,0.002835732193,332653.1178,0.02368020459,-0.9991663849,0.03325331957,4140911.033,0.00204862687,0.03331107575,0.9994429326,18.43961726
1544591339582457759,-0.99971729,-0.02356930668,0.003134958076,332653.0076,0.02366026641,-0.9991716634,0.03310859356,4140911.035,0.00235201468,0.03317340737,0.9994468436,18.43982266
1544591339592664445,-0.9997165829,-0.0235615785,0.003406759783,332652.8972,0.02366124493,-0.9991756073,0.03298865531,4140911.038,0.002626686484,0.03305991393,0.9994499201,18.44006598
1544591339602874507,-0.9997154673,-0.0235808978,0.003595251423,332652.7871,0.02368662815,-0.9991768522,0.03293268549,4140911.041,0.002815709709,0.03300847444,0.9994511056,18.44033188
1544591339613088488,-0.9997131336,-0.02360541165,0.004054042326,332652.6766,0.02372562014,-0.9991824975,0.03273273445,4140911.043,0.003278058465,0.03281952919,0.9994559185,18.44062663
1544591339623327613,-0.9997107712,-0.02362995545,0.004472078716,332652.5664,0.02376417567,-0.9991788951,0.03281462868,4140911.046,0.003692998455,0.03291141301,0.99945145,18.44096884
1544591339633464910,-0.9997083842,-0.02362483282,0.005001402085,332652.4561,0.02377650097,-0.9991784403,0.03281954702,4140911.048,0.004221936823,0.03292889216,0.9994487798,18.44135942
1544591339643659028,-0.9997075936,-0.02354887852,0.005493441507,332652.3458,0.02371553604,-0.9991885929,0.03255348601,4140911.051,0.004722386001,0.03267424707,0.9994548979,18.44181031
1544591339653861559,-0.9997072101,-0.02347834828,0.005853343241,332652.2352,0.02365460409,-0.9992040168,0.03212153048,4140911.053,0.005094523598,0.03225058414,0.9994668308,18.44231907
1544591339664099528,-0.9997056883,-0.02349873829,0.006028790124,332652.1246,0.023679569,-0.9992099486,0.0319179705,4140911.056,0.005273995033,0.03205133582,0.9994723093,18.44286955
1544591339674316715,-0.9997038694,-0.02355638738,0.006104952618,332652.0139,0.0237399179,-0.999206801,0.03197163319,4140911.059,0.005346973999,0.03210709648,0.9994701319,18.44343886
1544591339684466784,-0.9997025063,-0.02356706881,0.006284301277,332651.9031,0.02375568953,-0.9992102576,0.03185166744,4140911.061,0.005528687858,0.03199147967,0.9994728506,18.44401349
1544591339694671270,-0.9997015742,-0.02352504614,0.006582939816,332651.7926,0.02372135904,-0.9992213114,0.03152884914,4140911.064,0.005836096124,0.03167559639,0.9994811638,18.44461176
1544591339704883985,-0.9997010156,-0.02347059774,0.006856442573,332651.6822,0.0236744762,-0.9992282105,0.03134490153,4140911.066,0.006115467266,0.03149785258,0.9994851108,18.44524325
1544591339715125527,-0.9997011188,-0.02340743574,0.007054467944,332651.5719,0.02361674773,-0.9992337091,0.03121288383,4140911.069,0.006318448596,0.03137015847,0.9994878642,18.44590722
1544591339725321388,-0.9997020429,-0.02333663083,0.00715733907,332651.4615,0.02354840133,-0.9992392111,0.03108813641,4140911.072,0.006426401481,0.03124741736,0.9994910208,18.44659346
1544591339735738038,-0.9997026871,-0.02330886647,0.00715782962,332651.3509,0.02351990457,-0.999243554,0.03096989367,4140911.074,0.006430541991,0.03112903738,0.9994946881,18.44729514
1544591339745898894,-0.9997040518,-0.02328406042,0.007047109896,332651.2403,0.0234910564,-0.9992472019,0.03087393851,4140911.077,0.006322934195,0.03103034548,0.9994984435,18.44799667
1544591339755879528,-0.9997058073,-0.02322772023,0.006983722429,332651.1298,0.02343192072,-0.9992527934,0.0307376036,4140911.079,0.006264539688,0.03089220284,0.9995030904,18.44868305
1544591339766143360,-0.9997069312,-0.02319354415,0.006936256604,332651.0191,0.02339530644,-0.9992585191,0.03057894697,4140911.082,0.006221879344,0.03073226108,0.9995082875,18.44936792
1544591339776315127,-0.999708113,-0.02315237052,0.006903406787,332650.9087,0.02335224475,-0.9992639466,0.03043416047,4140911.084,0.006193702549,0.03058648718,0.999512934,18.45004486
1544591339786485370,-0.9997109161,-0.02304713504,0.006849400622,332650.7985,0.02324446993,-0.9992710761,0.03028219667,4140911.087,0.006146490053,0.03043265326,0.9995179211,18.45071983
1544591339796669973,-0.9997136652,-0.02297002304,0.006705683078,332650.6883,0.02316207152,-0.9992777509,0.03012466378,4140911.089,0.006008875682,0.03027135555,0.999523656,18.45139087
1544591339806927470,-0.9997166273,-0.02291957496,0.006431075463,332650.5778,0.02310239222,-0.9992840611,0.02996072545,4140911.092,0.005739784113,0.03010080861,0.999530388,18.45204878
1544591339817093531,-0.9997201242,-0.02285638742,0.006104053079,332650.4671,0.02302862344,-0.9992899917,0.02981938083,4140911.094,0.005418155828,0.02995160303,0.9995366654,18.45267722
1544591339827312467,-0.9997234215,-0.02283431523,0.00562805758,332650.3567,0.02299231429,-0.9992907786,0.02982102772,4140911.097,0.004943123293,0.02994218193,0.9995394098,18.45327151
1544591339837839849,-0.9997253793,-0.02285846354,0.005163065644,332650.2465,0.02300257739,-0.9992902357,0.02983130535,4140911.1,0.004477503278,0.02994187687,0.9995416131,18.45380972
1544591339847781046,-0.9997278111,-0.02283277903,0.004792536641,332650.136,0.02296572908,-0.9992916788,0.02981134823,4140911.102,0.004108466058,0.029913298,0.9995440538,18.45429826
1544591339857869621,-0.9997302763,-0.02277204736,0.004561705789,332650.0251,0.02289757398,-0.9992974243,0.02967085079,4140911.105,0.003882834825,0.02976729985,0.9995493144,18.45474803
1544591339868068329,-0.9997325472,-0.02274030157,0.004208718106,332649.9147,0.02285508474,-0.9993005037,0.02959981155,4140911.107,0.003532665481,0.0296880856,0.9995529692,18.45517499
1544591339878258750,-0.9997349189,-0.02270706098,0.003805504174,332649.8042,0.0228095756,-0.999304507,0.02949959441,4140911.11,0.003133008382,0.02957857655,0.9995575484,18.45556212
1544591339888472140,-0.9997380851,-0.02265430365,0.003247211732,332649.6933,0.02273989084,-0.9993111169,0.02932898906,4140911.112,0.002580546958,0.02939514859,0.9995645384,18.45590841
1544591339898690210,-0.9997397971,-0.02264858396,0.002716693391,332649.5827,0.02271855624,-0.9993119708,0.0293164246,4140911.115,0.002050848723,0.02937051573,0.9995664897,18.45619133
1544591339908872156,-0.9997410564,-0.02265547027,0.002133195756,332649.4718,0.02270847957,-0.9993087168,0.02943491084,4140911.117,0.001464859366,0.02947573048,0.9995644231,18.45641791
1544591339919122752,-0.9997429258,-0.02261835099,0.001579013314,332649.361,0.02265511022,-0.9993078147,0.02950657518,4140911.12,0.0009105302707,0.02953476251,0.9995633393,18.45657921
1544591339929275669,-0.9997442295,-0.02258905203,0.001100445957,332649.2498,0.02261165416,-0.9993113827,0.02941893872,4140911.122,0.0004351422338,0.02943629712,0.9995665639,18.45668007
1544591339939488813,-0.9997446076,-0.02258868556,0.0006867193511,332649.1386,0.02259911069,-0.9993123682,0.02939509249,4140911.124,2.225064017e-05,0.02940310445,0.9995676353,18.45672898
1544591339949672040,-0.9997450247,-0.02257832087,0.0003251552943,332649.0275,0.02257815297,-0.9993156347,0.02929999551,4140911.127,-0.00033661193,0.02929986613,0.9995706103,18.45673274
1544591339959872678,-0.9997453416,-0.02256628819,-0.0001237219413,332648.9165,0.02255297163,-0.9993160514,0.02930517839,4140911.129,-0.0007849464221,0.02929492527,0.9995705036,18.45669756
1544591339970077196,-0.9997447829,-0.02258658482,-0.0004647947433,332648.8058,0.02256314066,-0.9993124755,0.02941906779,4140911.132,-0.001128951454,0.0294010723,0.9995670578,18.45661324
1544591339980269102,-0.9997448791,-0.02257416564,-0.0007645314675,332648.695,0.02254197785,-0.9993142419,0.02937525762,4140911.134,-0.001427129114,0.02935052931,0.9995681619,18.45649153
1544591339990506898,-0.9997464876,-0.02249446636,-0.0009799585532,332648.5843,0.02245636138,-0.999322799,0.02914885616,4140911.137,-0.001634982887,0.02911946025,0.9995746017,18.45633768
1544591340000669780,-0.999746686,-0.02247401597,-0.001217887785,332648.4735,0.02242925285,-0.9993274653,0.02900941821,4140911.139,-0.00186902684,0.02897475339,0.9995783966,18.45616133
1544591340010896978,-0.9997457783,-0.02250093544,-0.001444765156,332648.363,0.02244970554,-0.9993286333,0.02895330737,4140911.142,-0.002095271687,0.02891351225,0.9995797213,18.45596028
1544591340021152450,-0.9997465231,-0.02244901935,-0.001712293849,332648.2519,0.02239023775,-0.9993319416,0.02888508905,4140911.144,-0.002359591858,0.02883942866,0.9995812725,18.4557333
1544591340031278977,-0.9997463893,-0.02243861426,-0.001914801275,332648.1407,0.02237440537,-0.9993368904,0.02872570576,4140911.147,-0.002558096581,0.02867557806,0.9995854981,18.45547709
1544591340041521076,-0.9997451006,-0.02248379965,-0.002052640804,332648.0294,0.0224160811,-0.9993408592,0.0285546336,4140911.149,-0.002693304484,0.02850134287,0.9995901261,18.45519965
1544591340051750312,-0.9997459266,-0.02244158731,-0.002111447522,332647.9182,0.02237222116,-0.9993419601,0.02855050156,4140911.152,-0.002750776677,0.02849600986,0.9995901216,18.45490582
1544591340061898866,-0.9997469429,-0.02241316472,-0.001923789684,332647.807,0.02234933247,-0.9993444151,0.02848241535,4140911.154,-0.002560909542,0.02843221225,0.9995924428,18.45460965
1544591340072148038,-0.9997462484,-0.02245345221,-0.001811675534,332647.6962,0.02239288079,-0.9993444776,0.02844599414,4140911.157,-0.002449198708,0.02839820728,0.9995936894,18.45433575
1544591340082275541,-0.999746431,-0.02245191138,-0.001728069749,332647.5853,0.02239344425,-0.9993412045,0.02856030841,4140911.159,-0.002368164816,0.02851436896,0.9995905778,18.4540738
1544591340092496959,-0.9997472144,-0.02242549731,-0.001614081946,332647.4748,0.02237025159,-0.99934122,0.02857793681,4140911.162,-0.002253893065,0.02853460529,0.9995902645,18.45382241
1544591340102673243,-0.999747277,-0.0224312895,-0.001490055229,332647.3639,0.02237975684,-0.999343369,0.02849522726,4140911.164,-0.002128261503,0.02845467878,0.9995928183,18.45358395
1544591340112870141,-0.9997479108,-0.02241037753,-0.001375021619,332647.253,0.02236224822,-0.9993454802,0.02843486851,4140911.166,-0.002011357777,0.02839695181,0.999594702,18.45335981
1544591340123064040,-0.9997485575,-0.02238995269,-0.001229923139,332647.1422,0.02234577308,-0.999343115,0.0285307851,4140911.169,-0.001867918148,0.02849612765,0.9995921579,18.45314793
1544591340133270413,-0.9997488634,-0.02238790961,-0.0009962943486,332647.0312,0.02235030462,-0.9993415403,0.02858234536,4140911.171,-0.001635537292,0.02855289979,0.9995909451,18.45295362
1544591340143471304,-0.9997494618,-0.02237190616,-0.0007157212716,332646.9202,0.02234234106,-0.9993421677,0.02856663136,4140911.174,-0.001354340442,0.02854348342,0.9995916346,18.45278424
1544591340153671919,-0.9997502985,-0.02234276454,-0.0003773148148,332646.8093,0.02232289348,-0.9993432093,0.02854538913,4140911.176,-0.001014849905,0.02852983854,0.9995924265,18.45264942
1544591340163879103,-0.9997504286,-0.02233992432,-9.573061374e-05,332646.6983,0.02232806025,-0.9993419797,0.02858436667,4140911.179,-0.000734240208,0.02857509534,0.9995913793,18.45255202
1544591340174103852,-0.9997503899,-0.02234124236,0.0001661839545,332646.5872,0.0223368188,-0.9993391266,0.02867712168,4140911.181,-0.0004746083965,0.02867367559,0.9995887133,18.45248615
1544591340184306115,-0.9997512382,-0.02229886969,0.0004723505026,332646.4762,0.02230324088,-0.9993394221,0.02869295256,4140911.184,-0.0001677819308,0.02869634978,0.9995881612,18.45244761
1544591340194482465,-0.9997524912,-0.02223054145,0.0008719514464,332646.3653,0.02224639416,-0.999342586,0.02862681407,4140911.186,0.0002349886373,0.02863912644,0.9995897888,18.45244544
1544591340204666427,-0.9997525719,-0.02220622589,0.001295908132,332646.2543,0.02223424041,-0.9993425049,0.02863908611,4140911.189,0.0006590900641,0.02866081352,0.9995889776,18.45248867
1544591340214891565,-0.999751764,-0.02221351529,0.001723671121,332646.1432,0.02225393352,-0.9993382392,0.02877232847,4140911.191,0.001083395905,0.02880354459,0.9995845051,18.45258011
1544591340225090496,-0.9997517984,-0.02217683173,0.002128541988,332646.0322,0.02222918034,-0.9993339058,0.0289414745,4140911.194,0.001485293968,0.02898160692,0.9995788418,18.45271917
1544591340235269558,-0.9997515925,-0.0221403068,0.002561443773,332645.9212,0.02220535539,-0.9993323743,0.02901256121,4140911.196,0.001917386681,0.02906223203,0.9995757655,18.45290195
1544591340245473918,-0.9997504428,-0.02214516023,0.002940219178,332645.8102,0.02222133864,-0.9993304734,0.02906575099,4140911.199,0.00229458491,0.02912383302,0.9995731779,18.45313685
1544591340255667755,-0.9997499936,-0.02212536116,0.00322795719,332645.6996,0.02221027956,-0.9993267601,0.02920155301,4140911.201,0.002579689093,0.02926594625,0.999568332,18.45341082
1544591340265868356,-0.9997507489,-0.02205768041,0.003449605641,332645.5887,0.02214939255,-0.9993252111,0.02930064201,4140911.203,0.002800973688,0.02936974545,0.9995646919,18.45371868
1544591340276072695,-0.9997505088,-0.02202343659,0.003726849698,332645.4778,0.02212325013,-0.9993263295,0.02928224294,4140911.206,0.003079443408,0.02935738729,0.9995642358,18.45404834
1544591340286276342,-0.9997494271,-0.02201458159,0.004054890129,332645.3667,0.02212399263,-0.9993266393,0.02927110617,4140911.208,0.00340776857,0.02935348197,0.9995632851,18.45441263
1544591340296475507,-0.9997485097,-0.02198254029,0.004436908056,332645.2558,0.02210373898,-0.9993227586,0.02941852592,4140911.211,0.003787209266,0.02950919969,0.9995573345,18.45481178
1544591340306679274,-0.9997470293,-0.0219667038,0.004831396137,332645.1447,0.02210056355,-0.9993156785,0.02966041985,4140911.213,0.00417654825,0.0297596932,0.9995483569,18.45525605
1544591340316880101,-0.9997452703,-0.02196012165,0.005210420696,332645.0336,0.02210625203,-0.9993091026,0.02987694421,4140911.216,0.004550719499,0.02998451652,0.9995400044,18.45574355
1544591340327074369,-0.9997446868,-0.0219318674,0.005436489676,332644.9226,0.0220857061,-0.9993038018,0.0300688236,4140911.218,0.004773239348,0.03018121533,0.9995330465,18.45627531
1544591340337278080,-0.9997439388,-0.02192329338,0.005605986522,332644.8114,0.02208345838,-0.9992964768,0.03031291967,4140911.221,0.004937483548,0.03042895726,0.9995247373,18.45683029
1544591340347809890,-0.9997414824,-0.02195442263,0.005913764167,332644.7004,0.02212558131,-0.9992860026,0.03062587849,4140911.223,0.005237168273,0.03074880662,0.9995134235,18.45740193
1544591340357779216,-0.9997387587,-0.0219537115,0.006360027901,332644.5892,0.02214014942,-0.9992772608,0.03089936148,4140911.225,0.00567707559,0.03103210124,0.9995022662,18.45800891
1544591340367906322,-0.999736201,-0.02192625574,0.006838770011,332644.4783,0.02212974104,-0.9992665015,0.03125274849,4140911.228,0.006148498025,0.03139584424,0.9994881178,18.45866488
1544591340378082065,-0.9997333027,-0.02190719128,0.007307487664,332644.367,0.02212729452,-0.9992575818,0.03153836958,4140911.23,0.006611145355,0.0316916533,0.9994758289,18.45937665
1544591340388351994,-0.9997315678,-0.02187996447,0.007619746587,332644.2557,0.02211100143,-0.9992532687,0.031686107,4140911.233,0.006920765786,0.03184608165,0.9994688243,18.46014157
1544591340398569428,-0.9997297137,-0.02185151622,0.007937994422,332644.1445,0.02209296514,-0.9992525209,0.03172224991,4140911.235,0.007238881676,0.03188904964,0.9994652009,18.46093912
1544591340408684907,-0.9997282685,-0.02186617398,0.008078408331,332644.0332,0.0221138711,-0.9992443854,0.03196303825,4140911.238,0.007373394809,0.03213299775,0.9994564044,18.46177457
1544591340418877129,-0.9997262805,-0.02187402112,0.008300132958,332643.922,0.02212983057,-0.9992398534,0.03209340607,4140911.24,0.007591811795,0.032268302,0.9994504099,18.46262307
1544591340429065544,-0.9997257666,-0.02180693198,0.00853523677,332643.8114,0.02207060378,-0.9992401692,0.03212434403,4140911.243,0.007828218046,0.03230391228,0.9994474358,18.46349247
1544591340439275888,-0.9997236903,-0.02175550744,0.008901790259,332643.7,0.02203052069,-0.9992431167,0.03206011092,4140911.245,0.008197568658,0.03224736346,0.9994463008,18.46439425
1544591340449478332,-0.9997225341,-0.02173165581,0.009087953855,332643.5892,0.02201148304,-0.9992481206,0.03191690667,4140911.248,0.008387513576,0.03210809014,0.9994492087,18.46533435
1544591340459686615,-0.9997254502,-0.02164378857,0.008976174726,332643.4779,0.02191912674,-0.999253775,0.03180323694,4140911.25,0.00828113394,0.03199125526,0.9994538424,18.46629922
1544591340469876633,-0.9997284447,-0.02158339574,0.008786056665,332643.3669,0.02185053103,-0.9992636868,0.03153790245,4140911.252,0.008098892343,0.03172131815,0.9994639396,18.4672503
1544591340480065787,-0.9997299529,-0.02160738522,0.008552318284,332643.2559,0.02186613758,-0.9992671768,0.0314162606,4140911.255,0.007867227