007313284038,0.02330349406,0.9997016871,17.88455848
1544591573663899090,-0.1533733068,0.9878760288,-0.02403290989,332664.6587,-0.988141913,-0.1535016433,-0.00357846659,4140559.097,-0.007224172523,0.0231990843,0.9997047635,17.88380271
1544591573674096108,-0.1535733764,0.9878454653,-0.02401156013,332664.642,-0.9881112518,-0.1537002484,-0.003519644158,4140558.989,-0.007167447276,0.0231855691,0.9997054853,17.88305512
1544591573684299074,-0.1537495162,0.9878186877,-0.02398596877,332664.6253,-0.988084037,-0.1538756742,-0.003494707186,4140558.883,-0.007142994181,0.02316284331,0.9997061871,17.88231565
1544591573694503330,-0.1539412271,0.9877883126,-0.02400725802,332664.6086,-0.9880544738,-0.1540664729,-0.003446591831,4140558.776,-0.007103216696,0.02318990612,0.9997058432,17.88157657
1544591573704698516,-0.1541531689,0.9877563359,-0.02396292333,332664.5918,-0.9880220764,-0.1542760785,-0.003356851872,4140558.669,-0.007012657545,0.02315842791,0.9997072122,17.88084287
1544591573714930418,-0.1543055957,0.9877311818,-0.02401865768,332664.5752,-0.987999195,-0.154425601,-0.003213214127,4140558.563,-0.006882887433,0.02323459753,0.9997063467,17.88012323
1544591573725184943,-0.1545113734,0.9876969456,-0.02410351389,332664.5584,-0.9879679826,-0.1546283503,-0.003055961362,4140558.456,-0.006745450291,0.0233413192,0.9997047974,17.87941639
1544591573735363691,-0.1547875102,0.9876476433,-0.0243507633,332664.5417,-0.9879249466,-0.1549045035,-0.002982456774,4140558.35,-0.006717659301,0.02359507947,0.9996990275,17.87872473
1544591573745501019,-0.1550095387,0.9876024752,-0.02476679863,332664.525,-0.9878898978,-0.1551285492,-0.00294675818,4140558.244,-0.00675226321,0.02401009453,0.9996889129,17.87803448
1544591573755696485,-0.1551654127,0.9875703697,-0.02506910436,332664.5082,-0.9878651268,-0.1552863474,-0.002939691284,4140558.137,-0.006796041656,0.02430875554,0.9996813985,17.87733957
1544591573765889826,-0.1553367581,0.9875417242,-0.02513632675,332664.4915,-0.9878380783,-0.1554582691,-0.002942455007,4140558.031,-0.006813446938,0.02437354929,0.9996797024,17.8766407
1544591573776087541,-0.1554872081,0.9875144949,-0.02527549995,332664.4747,-0.9878147649,-0.1556077975,-0.002864259879,4140557.925,-0.006761563023,0.02452215626,0.9996764204,17.8759389
1544591573786335102,-0.1556123856,0.987483598,-0.025708548,332664.4579,-0.9877960412,-0.1557304868,-0.002645149514,4140557.819,-0.006615646454,0.02498318391,0.9996659813,17.87524331
1544591573796568071,-0.1557653191,0.9874509991,-0.02603248128,332664.4412,-0.9877733493,-0.1558787317,-0.002373126441,4140557.714,-0.006401256238,0.02534454042,0.9996582809,17.87456671
1544591573806717746,-0.1558784877,0.9874281842,-0.02621981219,332664.4245,-0.9877565039,-0.1559882401,-0.002181351289,4140557.608,-0.0062439101,0.02555876428,0.9996538219,17.87391528
1544591573816946579,-0.1559402231,0.9874151047,-0.02634498632,332664.4078,-0.9877472072,-0.1560483769,-0.002087859366,4140557.503,-0.006172676229,0.0256966054,0.9996507305,17.87328081
1544591573827100208,-0.1560198363,0.9873982002,-0.02650670362,332664.3911,-0.9877345373,-0.1561287114,-0.002075995672,4140557.398,-0.006188291867,0.02585769013,0.9996464802,17.87265415
1544591573837290414,-0.1561436001,0.9873699085,-0.0268298425,332664.3745,-0.9877143116,-0.1562559055,-0.002128620657,4140557.293,-0.006294057317,0.02616784892,0.9996377489,17.87202758
1544591573847490013,-0.1562861172,0.9873356028,-0.02725907865,332664.3579,-0.9876910545,-0.1564022826,-0.002169625887,4140557.189,-0.006405531004,0.02658446573,0.999626048,17.87138727
1544591573857679872,-0.1563942614,0.9873084155,-0.02762115429,332664.3413,-0.9876736635,-0.1565123156,-0.00215172774,4140557.084,-0.006447469722,0.02694416877,0.9996161475,17.87073815
1544591573867881420,-0.1564521403,0.987295244,-0.02776381657,332664.3247,-0.9876644213,-0.156570799,-0.002139207045,4140556.98,-0.006459031883,0.0270866503,0.9996122222,17.87008269
1544591573878085817,-0.1565380437,0.9872778109,-0.02789920135,332664.308,-0.9876508022,-0.1566569937,-0.002116527351,4140556.875,-0.006460205499,0.02722335154,0.999608501,17.86942613
1544591573888285691,-0.1566955352,0.9872404997,-0.02833205859,332664.2914,-0.9876252701,-0.1568177072,-0.002129082208,4140556.771,-0.006544884648,0.02764783933,0.9995962995,17.86877142
1544591573898486962,-0.1568580929,0.9871976739,-0.02891871226,332664.2748,-0.987598343,-0.1569862147,-0.002200421865,4140556.666,-0.006712090517,0.02821491832,0.9995793449,17.86810587
1544591573908743308,-0.1570023018,0.9871679342,-0.02915042915,332664.2581,-0.9875745483,-0.1571345667,-0.002289101264,4140556.562,-0.006840267416,0.02842882773,0.9995724151,17.8674215
1544591573918917614,-0.1571303289,0.9871446493,-0.02924895952,332664.2415,-0.9875530879,-0.1572672949,-0.002428364698,4140556.458,-0.006997051959,0.02850333054,0.9995692082,17.86672558
1544591573929081323,-0.1572565358,0.9871122903,-0.02965988667,332664.2248,-0.9875317632,-0.1573994869,-0.002533520466,4140556.354,-0.007169320131,0.02889166752,0.9995568383,17.86601298
1544591573939284450,-0.1574180522,0.9870681062,-0.03026732877,332664.2082,-0.9875054496,-0.1575648326,-0.002512164629,4140556.25,-0.007248744173,0.02949369203,0.9995386828,17.86528116
1544591573949543575,-0.1575554761,0.9870341368,-0.03065754796,332664.1916,-0.9874835387,-0.1577031508,-0.002444887644,4140556.146,-0.007247979472,0.0298886185,0.999526957,17.86454078
1544591573959710925,-0.1576350728,0.9870140996,-0.0308925813,332664.175,-0.9874711548,-0.1577819568,-0.002360718216,4140556.043,-0.007204354093,0.03013340094,0.9995199227,17.86380523
1544591573969884780,-0.1577343716,0.9869871063,-0.0312461287,332664.1584,-0.9874551621,-0.1578826183,-0.002319936959,4140555.939,-0.007222968475,0.03048821728,0.9995090284,17.86307254
1544591573980089322,-0.1578604999,0.9869561485,-0.03158518655,332664.1417,-0.9874347923,-0.1580103843,-0.002291274822,4140555.835,-0.007252175236,0.03082661033,0.9994984375,17.86233395
1544591573990352093,-0.1579136284,0.9869370265,-0.03191539214,332664.125,-0.9874250098,-0.1580697078,-0.002412042653,4140555.731,-0.007425390911,0.03113316198,0.9994876639,17.86159667
1544591574000580525,-0.1579326186,0.9869285161,-0.03208414852,332664.1084,-0.9874204052,-0.1580956128,-0.002592502351,4140555.628,-0.007630977616,0.03127110224,0.9994818092,17.8608394
1544591574010697529,-0.1579464607,0.9869237103,-0.03216373898,332664.0919,-0.9874176033,-0.1581120594,-0.002655929671,4140555.524,-0.007706674972,0.03133954736,0.9994790846,17.86006208
1544591574020874706,-0.1579623845,0.9869204971,-0.03218412691,332664.0753,-0.9874158504,-0.158124775,-0.002548440556,4140555.421,-0.007604216045,0.03137655929,0.9994787081,17.85927581
1544591574031448053,-0.1579715187,0.9869137374,-0.03234617218,332664.0587,-0.987415635,-0.1581290946,-0.002356641897,4140555.318,-0.007440673181,0.03156683383,0.9994739476,17.85850382
1544591574041332816,-0.1579431112,0.9869124761,-0.03252289713,332664.0423,-0.9874210597,-0.1580973341,-0.002210047196,4140555.216,-0.007322906479,0.03176473181,0.9994685475,17.85775123
1544591574051478127,-0.1578965814,0.9869218842,-0.03246328228,332664.0257,-0.9874291722,-0.1580477713,-0.002128978967,4140555.113,-0.007231885344,0.03171903344,0.9994706616,17.85700733
1544591574061673845,-0.157845095,0.986932803,-0.0323816155,332664.0093,-0.9874375197,-0.1579956271,-0.002127691668,4140555.01,-0.007216042348,0.03163897639,0.9994733136,17.85627847
1544591574071895758,-0.1578256224,0.9869298476,-0.03256607721,332663.9929,-0.9874397399,-0.1579804615,-0.002221367096,4140554.908,-0.007337137393,0.03180645015,0.9994671164,17.85555174
1544591574082077391,-0.1578531709,0.9869127102,-0.03294965031,332663.9765,-0.98743434,-0.1580131779,-0.002293558577,4140554.806,-0.007470021065,0.03217357071,0.9994543815,17.8548081
1544591574092294633,-0.1578526059,0.9869038758,-0.03321589177,332663.9601,-0.9874348549,-0.1580113748,-0.002193926786,4140554.704,-0.00741368357,0.0324522122,0.9994457924,17.85405303
1544591574102480744,-0.1577948325,0.9869113973,-0.03326688158,332663.9437,-0.9874459425,-0.1579454742,-0.001933501945,4140554.602,-0.007162548491,0.03254415062,0.9994446342,17.85330397
1544591574112693968,-0.1576991329,0.9869262707,-0.03327942981,332663.9274,-0.9874628142,-0.1578425361,-0.00171024297,4140554.5,-0.006940793312,0.03259249557,0.9994446234,17.85258254
1544591574122879355,-0.1575982641,0.9869405385,-0.03333408525,332663.9111,-0.9874801172,-0.1577361017,-0.001529992964,4140554.398,-0.00676800074,0.03267562217,0.9994430942,17.85188363
1544591574133097912,-0.1575304797,0.9869419097,-0.03361272887,332663.8947,-0.9874910607,-0.1576681581,-0.001468865298,4140554.296,-0.006749341769,0.03296087822,0.9994338535,17.8512005
1544591574143348172,-0.1574985766,0.9869391441,-0.03384264935,332663.8786,-0.9874960754,-0.1576369752,-0.001444185044,4140554.195,-0.006760175625,0.03319202632,0.9994261304,17.85052532
1544591574153474513,-0.1574003292,0.9869483136,-0.03403180043,332663.8624,-0.9875114801,-0.1575403386,-0.001455680497,4140554.094,-0.006798062772,0.03337766901,0.9994196907,17.8498494
1544591574163795585,-0.1572318794,0.9869773957,-0.03396700157,332663.8462,-0.9875387422,-0.1573697846,-0.001408651793,4140553.992,-0.006735687195,0.03332224503,0.9994219625,17.84916659
1544591574174313394,-0.1570794489,0.9870054083,-0.03385810749,332663.83,-0.9875638118,-0.1572132413,-0.001309585446,4140553.891,-0.006615510738,0.03323133272,0.9994257923,17.84849081
1544591574184445836,-0.1569331524,0.9870306278,-0.03380127408,332663.8139,-0.9875887871,-0.1570581633,-0.001059010043,4140553.79,-0.006354041369,0.03321556548,0.999428013,17.84782965
1544591574194260430,-0.1567574206,0.9870569286,-0.03384865536,332663.7979,-0.9876179596,-0.1568758576,-0.0008555234847,4140553.689,-0.00615448722,0.03329543028,0.9994266043,17.84719556
1544591574204482584,-0.1565758103,0.9870872802,-0.03380410735,332663.7818,-0.9876470979,-0.1566925219,-0.0008150077917,4140553.589,-0.006101334652,0.033258918,0.9994281459,17.8465829
1544591574214696050,-0.1564112707,0.9871133652,-0.0338041333,332663.7658,-0.9876724345,-0.1565320402,-0.0009397794192,4140553.488,-0.006219098776,0.03324041853,0.9994280355,17.84597375
1544591574224935946,-0.156254905,0.9871325355,-0.03396708522,332663.7499,-0.9876964071,-0.1563800507,-0.001043001365,4140553.388,-0.006341355088,0.03338619394,0.9994224082,17.84535576
1544591574235067547,-0.1560806446,0.9871550434,-0.03411383169,332663.734,-0.9877236452,-0.1562077003,-0.001075102467,4140553.288,-0.006390136015,0.03352723549,0.999417376,17.84472474
1544591574245275929,-0.1558514309,0.9871929323,-0.0340653308,332663.7182,-0.9877597593,-0.1559789793,-0.001102997731,4140553.188,-0.006402347088,0.03347645917,0.9994189999,17.84408908
1544591574255458438,-0.1556270731,0.9872286567,-0.03405575153,332663.7024,-0.9877954241,-0.1557532123,-0.001066599915,4140553.088,-0.006357270696,0.03347412369,0.9994193659,17.84345207
1544591574265657949,-0.1554547274,0.9872529412,-0.03413881394,332663.6866,-0.9878225578,-0.1555810765,-0.001060051961,4140552.988,-0.006357892838,0.03355830041,0.999416539,17.84282034
1544591574275857880,-0.1552603507,0.9872760507,-0.03435438696,332663.6708,-0.987852343,-0.1553911684,-0.001154955398,4140552.888,-0.00647862813,0.03375774286,0.9994090468,17.84218832
1544591574286089312,-0.155043077,0.987308924,-0.03439089494,332663.6551,-0.9878857687,-0.1551776787,-0.001263638763,4140552.788,-0.00658430107,0.03377835723,0.9994076597,17.84154533
1544591574296328093,-0.1548426693,0.9873439238,-0.03428884166,332663.6395,-0.9879168945,-0.1549788168,-0.001332913347,4140552.689,-0.006630088002,0.0336681341,0.9994110763,17.84089269
1544591574306475182,-0.15460585,0.987387786,-0.03409387108,332663.624,-0.9879539474,-0.1547420501,-0.001377093378,4140552.59,-0.006635480684,0.03347026781,0.9994176866,17.84024007
1544591574316652782,-0.1543444089,0.9874297783,-0.03406225433,332663.6085,-0.9879944085,-0.1544828047,-0.001453474681,4140552.492,-0.006697236764,0.03342898112,0.9994186565,17.83958638
1544591574326851508,-0.1541006678,0.9874655128,-0.03412983917,332663.593,-0.988031927,-0.1542419276,-0.00152958083,4140552.392,-0.006774660499,0.03348566132,0.9994162372,17.83892204
1544591574337052942,-0.153835428,0.9875062197,-0.03414861505,332663.5776,-0.9880725559,-0.1539803219,-0.001638749282,4140552.294,-0.006876489843,0.03348921165,0.9994154228,17.83825588
1544591574347304393,-0.1535161404,0.987560237,-0.03402313694,332663.5622,-0.9881209054,-0.1536672674,-0.001856835797,4140552.195,-0.007061979679,0.0333339186,0.9994193209,17.83757676
1544591574357556573,-0.1531901901,0.9876130515,-0.03395919676,332663.5469,-0.9881697736,-0.1533493334,-0.002116881357,4140552.097,-0.007298279838,0.03323316631,0.9994209786,17.8368818
1544591574367701093,-0.1528873535,0.9876583903,-0.03400532409,332663.5316,-0.9882154509,-0.1530522771,-0.002285542938,4140551.998,-0.007461927941,0.03325515606,0.9994190387,17.83615812
1544591574377897861,-0.152566936,0.987704172,-0.03411450623,332663.5164,-0.9882647865,-0.1527331127,-0.002304067269,4140551.9,-0.007486151575,0.03336264072,0.9994152753,17.83542496
1544591574388143395,-0.1522176235,0.9877553412,-0.0341933003,332663.5012,-0.9883183498,-0.1523855205,-0.002343771511,4140551.802,-0.007525636689,0.03343710279,0.9994124903,17.83468562
1544591574398292530,-0.151863128,0.9878092665,-0.03421175551,332663.486,-0.9883716546,-0.1520366748,-0.00251448829,4140551.704,-0.007685276375,0.03343207133,0.9994114437,17.83394675
1544591574408447408,-0.1514905208,0.9878679725,-0.03416857959,332663.471,-0.9884269965,-0.15167203,-0.002769217826,4140551.606,-0.007918039423,0.03335363624,0.9994122475,17.83319118
1544591574418643919,-0.1510999085,0.987930551,-0.03408877828,332663.456,-0.9884849174,-0.1512891461,-0.003027062119,4140551.508,-0.0081477893,0.03323885436,0.9994142249,17.83241448
1544591574428843241,-0.1507229943,0.9879926291,-0.03395798267,332663.4411,-0.9885413108,-0.1509166681,-0.003199521166,4140551.411,-0.008285928924,0.03308662728,0.9994181403,17.83161572
1544591574439094332,-0.1503086707,0.9880608749,-0.03380845811,332663.4263,-0.9886036851,-0.1505048933,-0.003321379926,4140551.315,-0.008370063933,0.03292393407,0.9994228121,17.8308104
1544591574449272822,-0.1498732403,0.9881333821,-0.0336218968,332663.4116,-0.9886696323,-0.1500696923,-0.003383245907,4140551.218,-0.008388725923,0.03273389031,0.9994288982,17.82999377
1544591574459433329,-0.149499071,0.9881955416,-0.03346042636,332663.3969,-0.9887258273,-0.1496969272,-0.003474056052,4140551.121,-0.008441969707,0.03256381958,0.9994340056,17.82917736
1544591574469639444,-0.149140277,0.9882473812,-0.03353046513,332663.3823,-0.988777891,-0.1493466534,-0.003722901957,4140551.024,-0.008686810862,0.03259894796,0.9994307623,17.82835696
1544591574479841425,-0.148756455,0.9883003132,-0.03367504693,332663.3677,-0.9888331587,-0.1489730359,-0.004002453342,4140550.928,-0.008972299864,0.03270361224,0.9994248208,17.82751093
1544591574490053794,-0.1483980421,0.9883503497,-0.03378768146,332663.3531,-0.9888848626,-0.1486230289,-0.004233646759,4140550.831,-0.009205953814,0.03278386185,0.9994200663,17.82665699
1544591574500245192,-0.148053121,0.9884059022,-0.03367559806,332663.3386,-0.988936297,-0.1482787574,-0.004290757003,4140550.735,-0.009234385382,0.03266776128,0.9994236057,17.82578915
1544591574510441138,-0.1476439424,0.9884702529,-0.03358311129,332663.3241,-0.9889981314,-0.1478670542,-0.004246219399,4140550.639,-0.009163097299,0.03258670574,0.9994269079,17.82492142
1544591574520640846,-0.1471814436,0.9885369149,-0.03365101318,332663.3098,-0.9890674054,-0.1474038896,-0.00421436727,4140550.544,-0.009126347852,0.03266284364,0.9994247588,17.82406637
1544591574530911111,-0.1467129975,0.9886040261,-0.03372500691,332663.2954,-0.9891361643,-0.1469390049,-0.004310160023,4140550.448,-0.009216560506,0.03272626748,0.9994218561,17.82321291
1544591574541072022,-0.1462534642,0.98867255,-0.03371220984,332663.2812,-0.989202596,-0.1464853635,-0.00450137944,4140550.353,-0.009388735604,0.03268986315,0.9994214449,17.82235438
1544591574551260618,-0.1457853121,0.9887411717,-0.03372741144,332663.2671,-0.9892701778,-0.1460227947,-0.004675351157,4140550.258,-0.009547683057,0.03268392478,0.9994201333,17.82148148
1544591574561438851,-0.1452861787,0.9888043867,-0.03402662611,332663.253,-0.9893414395,-0.145532744,-0.004872021764,4140550.163,-0.009769464759,0.03295611383,0.9994090515,17.82059397
1544591574571658619,-0.1447698525,0.988873312,-0.03422371672,332663.239,-0.9894160157,-0.1450214253,-0.004973349532,4140550.068,-0.0098811848,0.03314150236,0.9994018227,17.81968177
1544591574581839446,-0.1442435409,0.9889470492,-0.03431522979,332663.2251,-0.989492141,-0.1444983592,-0.005052445547,4140549.974,-0.009955095514,0.03322586756,0.999398288,17.81876321
1544591574592455422,-0.143697204,0.9890250865,-0.0343582895,332663.2112,-0.9895705554,-0.143956128,-0.005171969933,4140549.88,-0.01006129433,0.033256754,0.9993961972,17.81784242
1544591574602255591,-0.1431385223,0.9890985742,-0.0345741842,332663.1974,-0.9896489704,-0.1434072798,-0.005409954062,4140549.785,-0.01030916756,0.03344193296,0.9993874916,17.81690711
1544591574612514082,-0.1425779423,0.9891748446,-0.03470817388,332663.1838,-0.989727117,-0.1428566707,-0.005675012154,4140549.691,-0.01057187343,0.03354248931,0.9993813772,17.81595438
1544591574622628951,-0.1420035303,0.9892572178,-0.03471533624,332663.1701,-0.9898071033,-0.1422907696,-0.005935931966,4140549.597,-0.01081183545,0.03351856311,0.9993796128,17.8149767
1544591574632837170,-0.1413601127,0.9893487456,-0.03473295689,332663.1567,-0.9898963195,-0.1416566584,-0.00621836074,4140549.504,-0.01107228201,0.03350299801,0.9993772831,17.81398114
1544591574643036329,-0.1406986828,0.9894423395,-0.03475252109,332663.1432,-0.9899887798,-0.1410010592,-0.006396676117,4140549.411,-0.01122928446,0.03350460204,0.9993754775,17.8129611
1544591574653230907,-0.140041303,0.9895331095,-0.03482325207,332663.1299,-0.9900796064,-0.140351573,-0.006618860534,4140549.317,-0.01143707985,0.03355087785,0.9993715686,17.8119287
1544591574663434808,-0.1393943506,0.9896244776,-0.03482253014,332663.1167,-0.9901691973,-0.13970996,-0.006788820281,4140549.225,-0.01158343701,0.03353387352,0.9993704537,17.8108847
1544591574673635746,-0.1387244308,0.9897151692,-0.03492014336,332663.1036,-0.9902596118,-0.1390516061,-0.007110018489,4140549.132,-0.01189259517,0.03359367433,0.9993648141,17.80982161
1544591574683830010,-0.1380510572,0.9898090424,-0.03492800635,332663.0905,-0.9903486578,-0.1383927165,-0.007549327748,4140549.039,-0.01230617455,0.03354871153,0.9993613172,17.80873121
1544591574694040360,-0.1373864057,0.9899035725,-0.03486965861,332663.0775,-0.9904367982,-0.1377395078,-0.007923195012,4140548.947,-0.01264612866,0.03344765374,0.9993604606,17.80760478
1544591574704295430,-0.1367028049,0.9899953272,-0.03495133113,332663.0647,-0.9905283695,-0.137064886,-0.008171081809,4140548.855,-0.01287993302,0.03350327522,0.9993556115,17.80644891
1544591574714451181,-0.1360284942,0.990087589,-0.03496877709,332663.0519,-0.9906201745,-0.1363937823,-0.008270818041,4140548.763,-0.01295835806,0.03351570914,0.9993541808,17.8052755
1544591574724679099,-0.1353500159,0.9901855043,-0.03482873314,332663.0392,-0.9907118069,-0.1357178698,-0.008412839632,4140548.671,-0.01305715332,0.03336655916,0.9993578858,17.80409761
1544591574734827921,-0.1346339562,0.9902835058,-0.03481776139,332663.0266,-0.9908067165,-0.135008876,-0.008640272974,4140548.579,-0.01325702664,0.0333343977,0.9993563277,17.8029117
1544591574745047845,-0.1339353014,0.9903743634,-0.03492786512,332663.0141,-0.990896936,-0.1343227269,-0.008981520068,4140548.488,-0.0135866733,0.03340697192,0.9993494769,17.80170761
1544591574755320616,-0.1332560919,0.9904641421,-0.03497996075,332663.0016,-0.9909843706,-0.1336544713,-0.009298379249,4140548.396,-0.01388493938,0.0334255287,0.9993447568,17.80047587
1544591574765482299,-0.1325246118,0.990562208,-0.03498199359,332662.9894,-0.9910782253,-0.1329335338,-0.0096243119,4140548.305,-0.01418375967,0.03339443392,0.9993415999,17.79922615
1544591574775630005,-0.1317404691,0.9906619694,-0.03511853883,332662.9772,-0.9911792326,-0.1321594758,-0.009879383688,4140548.215,-0.01442837738,0.03350725172,0.9993343217,17.797954
1544591574785831885,-0.1309483986,0.9907653174,-0.035165369,332662.9651,-0.9912822517,-0.1313728457,-0.01003361338,4140548.125,-0.01456073074,0.03354492055,0.9993311383,17.79665436
1544591574796034875,-0.1301149648,0.990883387,-0.03493150179,332662.9531,-0.9913910976,-0.1305395954,-0.01015411852,4140548.034,-0.01462149145,0.03330957712,0.9993381233,17.79534614
1544591574806239301,-0.1292424436,0.9910042474,-0.03474151537,332662.9411,-0.9915019506,-0.1296730089,-0.01043039414,4140547.943,-0.01484160172,0.03309823062,0.9993419007,17.7940291
1544591574816423639,-0.1284094962,0.9911117069,-0.03476472662,332662.9292,-0.9916047159,-0.1288528369,-0.01081824047,4140547.853,-0.01520161843,0.03308370205,0.9993369702,17.79269412
1544591574826631470,-0.1276062493,0.9912131944,-0.03482885165,332662.9174,-0.991702655,-0.1280631638,-0.0112102883,4140547.762,-0.01557207861,0.0331093618,0.9993304164,17.79131964
1544591574836825229,-0.1267726835,0.99132328,-0.03473962903,332662.9057,-0.9918065217,-0.1272355005,-0.0114433992,4140547.672,-0.01576422211,0.0330042802,0.9993308799,17.78992565
1544591574847012338,-0.1258693623,0.9914440123,-0.03457852836,332662.8943,-0.9919201797,-0.126333755,-0.01158188267,4140547.583,-0.01585122355,0.03284133587,0.9993348718,17.78852254
1544591574857232192,-0.1249561993,0.9915644894,-0.03443562491,332662.8829,-0.9920365539,-0.1254175664,-0.01157196515,4140547.493,-0.01579318198,0.03271540987,0.9993399212,17.78711317
1544591574867430279,-0.1240742404,0.9916775365,-0.03436927482,332662.8716,-0.9921489997,-0.1245317321,-0.01149828661,4140547.404,-0.01568265786,0.03267280045,0.9993430557,17.78571282
1544591574877617910,-0.1231573742,0.991793958,-0.03430753278,332662.8604,-0.9922641401,-0.1236128085,-0.01147825621,4140547.315,-0.01562491563,0.03262850261,0.9993454075,17.78432621
1544591574887816020,-0.1222033731,0.9919155774,-0.03420268419,332662.8493,-0.9923806931,-0.1226610551,-0.01161146426,4140547.227,-0.0157129296,0.03252312333,0.9993474626,17.78294775
1544591574898017926,-0.1212961638,0.9920286119,-0.03415368994,332662.8383,-0.9924889028,-0.1217601562,-0.01184241766,4140547.138,-0.01590657577,0.03246071841,0.9993464281,17.78156114
1544591574908217125,-0.1204162452,0.9921358859,-0.03415131707,332662.8275,-0.9925941679,-0.1208845606,-0.01198922777,4140547.05,-0.01602331007,0.03245470035,0.9993447587,17.7801629
1544591574918414837,-0.1194892977,0.9922510139,-0.03406220567,332662.8167,-0.9927069496,-0.1199555413,-0.01198252587,4140546.962,-0.01597562376,0.03238200468,0.9993478804,17.77875563
1544591574928650188,-0.1185507759,0.9923699915,-0.03387497919,332662.8061,-0.9928228366,-0.1190084781,-0.01182361658,4140546.874,-0.01576481199,0.032230154,0.999356137,17.77735958
1544591574938834349,-0.1176079862,0.9924868942,-0.03373614107,332662.7956,-0.9929387583,-0.1180567937,-0.01162826227,4140546.787,-0.01552367855,0.0321303455,0.9993631257,17.77599112
1544591574949011706,-0.1166543101,0.9925991246,-0.03374537715,332662.7852,-0.9930543955,-0.1170972344,-0.01145451585,4140546.699,-0.01532123274,0.03217477645,0.9993648205,17.7746424
1544591574959211689,-0.1157411393,0.9927064208,-0.03373353651,332662.7749,-0.993163263,-0.1161802001,-0.01135318384,4140546.612,-0.01518954751,0.03218887875,0.9993663765,17.77331517
1544591574969414543,-0.114809861,0.9928180694,-0.03363001092,332662.7647,-0.9932720479,-0.1152468069,-0.01134958172,4140546.525,-0.01514382118,0.03210070591,0.9993699066,17.77199915
1544591574979616363,-0.1137964534,0.9929412732,-0.03343644675,332662.7546,-0.9933884161,-0.1142322908,-0.01142100053,4140546.438,-0.01515990471,0.03191570951,0.9993755878,17.77069032
1544591574989808691,-0.1127918997,0.9930616072,-0.0332660847,332662.7447,-0.9935033771,-0.1132255171,-0.01144651541,4140546.352,-0.01513366463,0.03175889327,0.9993809813,17.76938615
1544591575000315469,-0.1118453458,0.993173305,-0.03312711386,332662.7348,-0.9936133017,-0.1122717599,-0.01129864537,4140546.265,-0.01494075233,0.03165184006,0.9993872802,17.76808266
1544591575010300536,-0.110876164,0.9932854619,-0.03302223916,332662.7251,-0.9937264626,-0.1112922333,-0.01103435476,4140546.18,-0.0146353829,0.03159162597,0.999393704,17.76680393
1544591575020452257,-0.1098638213,0.9934048639,-0.03281338014,332662.7154,-0.9938440182,-0.1102670036,-0.01073574473,4140546.094,-0.01428317413,0.03143191162,0.9994038357,17.76555176
1544591575030677134,-0.1088509154,0.9935258416,-0.0325250842,332662.7059,-0.9939588836,-0.109244016,-0.01055857522,4140546.008,-0.01404338814,0.03117928579,0.9994151471,17.76433296
1544591575040802407,-0.1078554065,0.9936412181,-0.03231627738,332662.6964,-0.9940690044,-0.1082432707,-0.01049807838,4140545.922,-0.01392934294,0.03099233516,0.999422558,17.76313488
1544591575051053172,-0.1068464184,0.9937506439,-0.03230327308,332662.6871,-0.9941776253,-0.1072354369,-0.01055515168,4140545.837,-0.01395324438,0.03098741115,0.9994223773,17.76195193
1544591575061195391,-0.1058778964,0.9938600956,-0.03212448161,332662.678,-0.9942826244,-0.1062624591,-0.01050491714,4140545.752,-0.01385404436,0.03082857535,0.9994286694,17.76077469
1544591575071405945,-0.1047463114,0.9939884467,-0.03186187271,332662.6689,-0.9944058721,-0.1051211188,-0.01032050131,4140545.667,-0.01360781476,0.03060259887,0.9994389972,17.7596018
1544591575081602421,-0.1037661918,0.9940960144,-0.03171265358,332662.6599,-0.9945132285,-0.1041295197,-0.0100240791,4140545.582,-0.01326712046,0.03049849297,0.9994467601,17.75846086
1544591575091788894,-0.1027619299,0.9941996885,-0.03173272803,332662.6511,-0.9946223503,-0.1031146575,-0.009682374025,4140545.498,-0.01289832262,0.03056710108,0.9994494917,17.75735036
1544591575101975529,-0.1016408447,0.9943223094,-0.03150054794,332662.6424,-0.9947419633,-0.1019813289,-0.009393394006,4140545.415,-0.01255252895,0.03038016439,0.9994595942,17.7562767
1544591575112181875,-0.1005362178,0.9944459746,-0.03113957887,332662.6338,-0.9948573436,-0.1008662689,-0.009212085641,4140545.33,-0.01230185461,0.03005329046,0.9994725934,17.75522666
1544591575122447604,-0.09951618256,0.9945557534,-0.03090928148,332662.6253,-0.9949610654,-0.09984175298,-0.009170799531,4140545.247,-0.01220690828,0.02984088866,0.9994801217,17.75420571
1544591575132600777,-0.09845677025,0.9946650006,-0.03078639048,332662.6169,-0.9950674926,-0.09877919704,-0.00912996216,4140545.164,-0.01212230874,0.02973562978,0.9994842885,17.75319255
1544591575142791880,-0.09739012416,0.9947756667,-0.03060289938,332662.6086,-0.9951741155,-0.09770730642,-0.009042287382,4140545.08,-0.01198517432,0.02957458382,0.9994907206,17.75218344
1544591575152983578,-0.09637945003,0.9948810886,-0.03037469324,332662.6004,-0.9952746757,-0.09668967689,-0.008912193,4140544.997,-0.01180349154,0.02937221069,0.9994988503,17.75119389
1544591575163218093,-0.09536024757,0.9949813055,-0.03030883908,332662.5923,-0.9953767095,-0.0956606291,-0.008616897987,4140544.914,-0.01147301502,0.02934700298,0.9995034389,17.75021705
1544591575173476145,-0.09431177855,0.9950830446,-0.03024935926,332662.5843,-0.995480872,-0.09460103829,-0.00827513893,4140544.831,-0.01109607123,0.02933221545,0.9995081287,17.74927311
1544591575183961883,-0.0932617343,0.9951926238,-0.02989801447,332662.5765,-0.9955846454,-0.09353560694,-0.007893347328,4140544.749,-0.01065192996,0.02902985686,0.999521788,17.74836625
1544591575193839229,-0.09224670087,0.9952895206,-0.02982142352,332662.5688,-0.9956819678,-0.09251282481,-0.007667923509,4140544.666,-0.01039066804,0.028985313,0.9995258309,17.74749563
1544591575203992456,-0.09122970813,0.9953812155,-0.02988941314,332662.5611,-0.9957774303,-0.09149183973,-0.007520198143,4140544.584,-0.01022010136,0.02907713752,0.9995249224,17.74664905
1544591575214176612,-0.09018657358,0.9954780963,-0.0298285543,332662.5536,-0.9958733441,-0.09044616154,-0.007468282403,4140544.502,-0.01013238978,0.02903192331,0.9995271297,17.74581585
1544591575224375805,-0.08915416375,0.9955809588,-0.02949729759,332662.5461,-0.9959682942,-0.089406012,-0.007329577866,4140544.42,-0.009934423896,0.02872491077,0.9995379871,17.74498602
1544591575234572906,-0.08821338279,0.9956688127,-0.02936010098,332662.5387,-0.9960541542,-0.0884585399,-0.007156072189,4140544.338,-0.009722229558,0.02861298921,0.9995432837,17.74417914
1544591575244862297,-0.08716705897,0.99576198,-0.02932548461,332662.5315,-0.9961497362,-0.08740202206,-0.006825726463,4140544.257,-0.009359905545,0.02861759524,0.9995466104,17.74338932
1544591575255290311,-0.08602593725,0.9958635561,-0.02924579781,332662.5243,-0.9962532126,-0.0862474453,-0.006396516116,4140544.175,-0.008892432628,0.02858595372,0.999551784,17.7426287
1544591575265183536,-0.08498632755,0.9959602759,-0.02899058173,332662.5172,-0.9963466243,-0.08519290684,-0.005964365521,4140544.094,-0.008410063054,0.02837777871,0.9995618908,17.74191346
1544591575275388275,-0.08397476256,0.9960462516,-0.02898456363,332662.5103,-0.9964345928,-0.08417418479,-0.005727976183,4140544.012,-0.008145081216,0.02840021641,0.9995634479,17.74123406
1544591575285561677,-0.08298811558,0.9961294974,-0.02896546475,332662.5034,-0.9965190005,-0.08318166241,-0.005540168668,4140543.931,-0.007928120935,0.02840486781,0.9995650601,17.74057647
1544591575295900861,-0.08192027108,0.9962215592,-0.02883877699,332662.4966,-0.9966091283,-0.08210713004,-0.005354011645,4140543.85,-0.007701651037,0.02830238631,0.9995697377,17.73993853
1544591575306241040,-0.08090328561,0.9963066171,-0.02877123841,332662.4899,-0.9966940288,-0.08108339435,-0.005147523895,4140543.769,-0.007461381783,0.02825966992,0.9995727687,17.73931899
1544591575316186164,-0.07992603584,0.9963847062,-0.02879838411,332662.4834,-0.99677529,-0.08009730929,-0.004841814054,4140543.689,-0.007130982548,0.02831853066,0.9995735145,17.73872103
1544591575326438773,-0.0787995066,0.9964781353,-0.02866992634,332662.4769,-0.9968684696,-0.07895630287,-0.004376917036,4140543.608,-0.006625173509,0.02823524668,0.999579351,17.73814928
1544591575336609604,-0.07779112671,0.9965649938,-0.02840342629,332662.4705,-0.996951208,-0.0779315335,-0.003868563303,4140543.528,-0.006068797327,0.02801589024,0.9995890559,17.7376202
1544591575346793490,-0.076788641,0.9966453621,-0.02831126683,332662.4642,-0.9970316234,-0.07691616958,-0.003441748962,4140543.447,-0.005607797336,0.02796294109,0.999593231,17.73713751
1544591575357016105,-0.07569150174,0.9967301162,-0.0282820261,332662.458,-0.9971175789,-0.07580871784,-0.003094020349,4140543.367,-0.005227927395,0.02796631434,0.9995951956,17.73669286
1544591575367211532,-0.07464509447,0.9968143467,-0.0280939341,332662.4519,-0.9971979284,-0.07475410835,-0.002848803354,4140543.287,-0.004939865044,0.02780256368,0.9996012286,17.73627818
1544591575377405328,-0.07363625784,0.9968942446,-0.02792073732,332662.4459,-0.9972742819,-0.0737373903,-0.002608592839,4140543.207,-0.004659293489,0.02765254623,0.999606737,17.73588474
1544591575387772196,-0.07267007629,0.9969644806,-0.02794432854,332662.4399,-0.9973468741,-0.07276096907,-0.002248338118,4140543.127,-0.004274769665,0.0277068018,0.999606953,17.73551383
1544591575397998202,-0.0716773561,0.9970343714,-0.02801463835,332662.4341,-0.9974207655,-0.07175458312,-0.001759875071,4140543.047,-0.003764834627,0.02781623883,0.9996059643,17.7351751
1544591575408004125,-0.07063773841,0.9971115449,-0.02790838456,332662.4284,-0.9974970186,-0.07069846589,-0.001194016704,4140542.968,-0.003163647811,0.02775418774,0.9996097726,17.73487809
1544591575418169366,-0.06966754889,0.9971847631,-0.02773052376,332662.4227,-0.9975667888,-0.06971376837,-0.0007022786457,4140542.888,-0.002633500872,0.0276141235,0.9996151889,17.73463095
1544591575428403373,-0.06865893687,0.9972582158,-0.02760438945,332662.4172,-0.9976378122,-0.06869291273,-0.000283288792,4140542.809,-0.002178737988,0.02751973238,0.9996188866,17.7344243
1544591575438585299,-0.06767538241,0.9973267531,-0.02755705132,332662.4117,-0.9977057029,-0.06770029911,2.886710393e-05,4140542.729,-0.001836830679,0.02749578083,0.9996202324,17.73425569
1544591575448800023,-0.06666256097,0.9973963047,-0.02750845897,332662.4063,-0.9977743959,-0.06667957889,0.0002992143296,4140542.65,-0.001535817191,0.02746718242,0.9996215265,17.73411091
1544591575458986391,-0.06564864147,0.997465471,-0.02743886048,332662.4009,-0.9978420715,-0.06565703347,0.0005959648163,4140542.57,-0.001207099852,0.02741877365,0.9996233064,17.73399065
1544591575469165549,-0.06473252454,0.9975261666,-0.0274089058,332662.3957,-0.9979022886,-0.06473149328,0.0009258317237,4140542.491,-0.000850678029,0.02741134124,0.9996238771,17.73389622
1544591575479415673,-0.06373218018,0.9975905617,-0.02740949573,332662.3905,-0.9979669538,-0.06371942074,0.001339571673,4140542.412,-0.0004101731325,0.02743914478,0.9996233916,17.73384196
1544591575489585920,-0.06279545264,0.9976500867,-0.0274050303,332662.3853,-0.9980264178,-0.06277115814,0.00174673377,4140542.333,2.238360623e-05,0.02746063115,0.9996228855,17.73383013
1544591575499748039,-0.06184046007,0.9977094461,-0.02741566619,332662.3803,-0.9980859722,-0.06180647945,0.002085936469,4140542.254,0.0003866927101,0.02749218712,0.9996219436,17.73385233
1544591575509954541,-0.06087115626,0.9977692605,-0.02740812236,332662.3753,-0.9981453956,-0.06082929624,0.002359243087,4140542.175,0.0006867634365,0.02750090099,0.9996215428,17.73390312
1544591575520209054,-0.05982397112,0.9978340376,-0.02735554776,332662.3704,-0.9982085254,-0.05977642994,0.002553103627,4140542.096,0.0009123567157,0.02745927779,0.9996225066,17.73397737
1544591575530431527,-0.05882548967,0.9978909422,-0.0274450227,332662.3656,-0.9982676927,-0.05877335998,0.002702940915,4140542.017,0.001084204057,0.02755648131,0.9996196601,17.73406902
1544591575540554632,-0.05794686965,0.9979388941,-0.02757034693,332662.3608,-0.998318868,-0.057889749,0.002866166673,4140541.937,0.001264218736,0.02769008292,0.9996157568,17.73417367
1544591575550736015,-0.05700674932,0.9979934984,-0.02755372515,332662.3562,-0.9983726398,-0.05694302029,0.003092676863,4140541.859,0.001517479072,0.02768518877,0.9996155399,17.73429155
1544591575560912765,-0.05602328563,0.9980523113,-0.02744039879,332662.3516,-0.9984278317,-0.05595235731,0.003346454891,4140541.78,0.00180458204,0.02758473727,0.9996178399,17.73442949
1544591575571161511,-0.05505650091,0.9981056135,-0.02745844432,332662.3471,-0.9984811634,-0.0549794688,0.003553101506,4140541.701,0.002036719876,0.02761236076,0.9996166312,17.73459027
1544591575581717841,-0.0540214916,0.9981607708,-0.0275091669,332662.3427,-0.998537352,-0.05394018924,0.003689545031,4140541.623,0.002198909443,0.02766824539,0.9996147424,17.73476816
1544591575591588515,-0.05312059911,0.9982104539,-0.02746073142,332662.3384,-0.998585385,-0.05303618836,0.003793644649,4140541.545,0.002330443223,0.02762340573,0.9996156845,17.73495864
1544591575601768087,-0.05217391725,0.9982632058,-0.02735789572,332662.3342,-0.9986351329,-0.05208838184,0.003830402438,4140541.467,0.002398721299,0.02752040293,0.999618364,17.73515888
1544591575611956083,-0.05125307559,0.998313276,-0.02727132779,332662.33,-0.9986826522,-0.05116637027,0.003868191864,4140541.388,0.002466292437,0.02743365869,0.999620584,17.73536502
1544591575622116931,-0.05032477604,0.998358383,-0.02734878845,332662.3259,-0.9987299681,-0.0502393385,0.003802626168,4140541.31,0.002422398672,0.02750542092,0.9996187193,17.735576
1544591575632365423,-0.04941441288,0.9984025867,-0.02739508982,332662.3218,-0.9987754432,-0.04932936886,0.003771940831,4140541.231,0.002414532991,0.02754793122,0.9996175677,17.73578357
1544591575642556954,-0.0485539111,0.9984432676,-0.02745103305,332662.3179,-0.998817649,-0.04846903616,0.003749239366,4140541.153,0.00241287769,0.02760061653,0.9996161184,17.73598867
1544591575652796988,-0.04757332444,0.9984927434,-0.02736823567,332662.314,-0.9988646821,-0.04748742635,0.003780403544,4140541.075,0.00247505843,0.02751701038,0.9996182714,17.73619405
1544591575662903012,-0.04675945394,0.9985332449,-0.02729308667,332662.3102,-0.9989029996,-0.04667291485,0.003799558784,4140540.997,0.002520137851,0.02744081143,0.9996202534,17.73640351
1544591575673165511,-0.04586248714,0.9985720812,-0.02739399981,332662.3065,-0.9989446145,-0.04577624803,0.003767294844,4140540.919,0.002507920922,0.02753786609,0.9996176152,17.73661528
1544591575683390084,-0.04506254995,0.9986028966,-0.02759749411,332662.3029,-0.9989812622,-0.04497859536,0.00365567305,4140540.841,0.002409269176,0.02773411344,0.9996124322,17.73682751
1544591575693891771,-0.04425868561,0.9986372497,-0.02765524376,332662.2993,-0.9990175768,-0.04417934106,0.003473815,4140540.763,0.002247290611,0.02778182109,0.9996114847,17.73703105
1544591575703759003,-0.04352419909,0.9986750317,-0.02745588144,332662.2958,-0.9990502457,-0.04345095139,0.003259102401,4140540.686,0.002061800023,0.02757165492,0.9996177035,17.73722144
1544591575714342854,-0.04268449374,0.9987138035,-0.02736371469,332662.2923,-0.9990869476,-0.04261856979,0.002988140738,4140540.608,0.001818095018,0.02746627746,0.9996210774,17.73739694
1544591575724504298,-0.0419309059,0.998743033,-0.02746185379,332662.2889,-0.9991192516,-0.0418713352,0.002740929414,4140540.53,0.001587619671,0.02755259645,0.9996190946,17.73755245
1544591575734387254,-0.04119047725,0.9987732429,-0.02748370704,332662.2856,-0.9991502478,-0.04113469379,0.002592228071,4140540.453,0.001458514163,0.02756712781,0.9996188906,17.73768974
1544591575744571809,-0.04045141177,0.9988074134,-0.02733924746,332662.2824,-0.999180618,-0.04039973514,0.002440142403,4140540.376,0.001332733965,0.02741555337,0.9996232348,17.73781709
1544591575754815241,-0.03972890128,0.9988400567,-0.02720580633,332662.2792,-0.9992097853,-0.03968167689,0.002273725002,4140540.299,0.001191515593,0.0272746405,0.9996272678,17.73793607
1544591575765001832,-0.03903270025,0.9988666672,-0.02723655259,332662.276,-0.9992375616,-0.03899465342,0.001926848929,4140540.221,0.0008625852389,0.02729099651,0.9996271594,17.73804226
1544591575775209721,-0.03836884148,0.9988947099,-0.02715125793,332662.2729,-0.9992635036,-0.03834021474,0.001574338903,4140540.144,0.0005316137421,0.02719166668,0.9996300971,17.73812299
1544591575785474074,-0.03771220845,0.9989249671,-0.02695736844,332662.2699,-0.9992886166,-0.03769241724,0.001242107585,4140540.067,0.0002246838998,0.02698503403,0.9996358126,17.73817656
1544591575795874488,-0.03698447842,0.9989583557,-0.02672736937,332662.2669,-0.9993158402,-0.03697080933,0.001005569682,4140539.99,1.638975928e-05,0.02674627405,0.9996422545,17.7382074
1544591575805949867,-0.03632815333,0.9989843282,-0.02665666287,332662.264,-0.9993399026,-0.0363194278,0.0008115803167,4140539.913,-0.0001573987251,0.02666855008,0.9996443188,17.73822135
1544591575816192238,-0.0357129769,0.9990082705,-0.02659058331,332662.2612,-0.9993620417,-0.03570845985,0.0006448446769,4140539.836,-0.0003053036113,0.02659664895,0.9996462001,17.7382233
1544591575826156097,-0.03509684227,0.9990320439,-0.02651767751,332662.2584,-0.9993837829,-0.03509818919,0.0004147916577,4140539.759,-0.0005163323045,0.02651589474,0.9996482587,17.73821277
1544591575836418744,-0.03443565678,0.9990595652,-0.02634712756,332662.2556,-0.9994066466,-0.03444307425,0.0001723710936,4140539.683,-0.0007352670811,0.02633743011,0.9996528395,17.73818633
1544591575846603937,-0.03384363354,0.9990827311,-0.02623557133,332662.2529,-0.9994266809,-0.03385712676,-7.014646723e-05,4140539.606,-0.0009583431882,0.02621815596,0.9996557859,17.73814239
1544591575856793021,-0.03326397026,0.9991034861,-0.02618649957,332662.2503,-0.9994459116,-0.03328330689,-0.0003027841911,4140539.53,-0.001174086042,0.02616191812,0.9996570292,17.73808215
1544591575866958226,-0.03271013292,0.9991232187,-0.02613123681,332662.2477,-0.9994639151,-0.03273526058,-0.00053428004,4140539.454,-0.001389224439,0.02609975187,0.9996583784,17.73800396
